# T (K) 	 m (mu_B) 	 uncertainty 
#  TN = 45 K
5.000000000000000000e+00 2.662100772628383627e+00 1.205771419854167192e-01
1.000000000000000000e+01 2.651710288941170113e+00 1.159100054888028836e-01
2.000000000000000000e+01 2.636959173515728061e+00 1.186959518678414593e-01
3.000000000000000000e+01 2.472740027706855415e+00 1.114118053238148387e-01
3.500000000000000000e+01 2.290239352547933205e+00 1.195106816143062939e-01
4.000000000000000000e+01 2.133656960892035936e+00 1.207256873098615790e-01
4.200000000000000000e+01 2.029076040187762331e+00 1.233099349638284714e-01
4.400000000000000000e+01 2.164696771787939511e+00 1.211061447940936925e-01
4.600000000000000000e+01 2.093849508104734358e+00 1.197246427606123986e-01
4.800000000000000000e+01 2.015059783108914981e+00 1.257025986526741912e-01
5.000000000000000000e+01 2.032030953644331284e+00 1.299747890992869748e-01
5.200000000000000000e+01 1.975847471450229209e+00 1.430302973386713694e-01
5.400000000000000000e+01 1.839359324973255383e+00 1.539666959994355766e-01
5.600000000000000000e+01 1.836148570439992911e+00 1.553315915989226526e-01
5.800000000000000000e+01 1.870781908189229181e+00 1.565528933910910747e-01
6.000000000000000000e+01 1.693727353818297754e+00 1.593106826660466713e-01
6.200000000000000000e+01 1.811876799593694853e+00 1.587025316894502269e-01
6.400000000000000000e+01 1.824316250878371015e+00 1.662570985376710941e-01
6.600000000000000000e+01 1.691215726319169166e+00 1.653263831464418521e-01
6.800000000000000000e+01 1.662517848405225207e+00 1.653639081770911512e-01
7.000000000000000000e+01 1.731687896356974843e+00 1.761235844057880695e-01
7.200000000000000000e+01 1.729749664876484960e+00 1.723543678416833702e-01
7.400000000000000000e+01 1.668899107425918737e+00 1.720755821326902801e-01
7.600000000000000000e+01 1.625850331727692888e+00 1.766024722888328291e-01
7.800000000000000000e+01 1.604664193190417532e+00 1.857076022570512130e-01
8.000000000000000000e+01 1.442257970705360881e+00 1.843698082655725046e-01
8.200000000000000000e+01 1.421777203871939177e+00 1.858744778545355636e-01
8.400000000000000000e+01 1.506190475157724418e+00 1.917128987153930708e-01
8.600000000000000000e+01 1.450875863610211258e+00 1.853725460060772767e-01
8.800000000000000000e+01 1.426024939609712439e+00 1.923799418296996411e-01
9.000000000000000000e+01 1.451182870369976508e+00 1.931745548361024079e-01
9.200000000000000000e+01 1.419753243032240375e+00 1.961014971956099029e-01
9.400000000000000000e+01 1.395058048077782331e+00 1.990884294340020955e-01
9.600000000000000000e+01 1.351921442978861743e+00 1.942954678582352324e-01
9.800000000000000000e+01 1.340628038653890464e+00 2.000817901005434440e-01
1.000000000000000000e+02 1.403057921931378793e+00 1.979924598685625370e-01
1.050000000000000000e+02 1.209189884959315897e+00 2.061789406312795336e-01
1.100000000000000000e+02 1.338033769233172299e+00 2.070848730699305640e-01
1.150000000000000000e+02 1.181288201278813510e+00 2.060228031482322086e-01
1.200000000000000000e+02 1.134751283415536438e+00 2.133297941624085203e-01
1.250000000000000000e+02 1.149841853636293543e+00 2.200141466977172944e-01
1.300000000000000000e+02 1.012365496868633974e+00 2.163047966498855001e-01
1.400000000000000000e+02 1.033723671240676989e+00 2.206213238836385593e-01
1.500000000000000000e+02 9.899943338717562824e-01 2.283915878505866914e-01
1.600000000000000000e+02 9.414870156550038116e-01 2.289901909001345048e-01
1.700000000000000000e+02 8.962235983065861555e-01 2.275514714452896159e-01
1.800000000000000000e+02 7.454274965181398871e-01 2.308008864196050836e-01
1.900000000000000000e+02 6.899247249224575995e-01 2.341672954013933605e-01
2.000000000000000000e+02 6.282139111077904570e-01 2.346357543529243306e-01
2.200000000000000000e+02 6.229962124398117362e-01 2.386925885758854338e-01
2.400000000000000000e+02 5.233494824455702243e-01 2.400166982609560906e-01
2.600000000000000000e+02 5.345333320352302353e-01 2.482078274711364829e-01
