# T (K) 	 corr. length (A) 	 uncertainty 
#  TN = 45 K
5.000000000000000000e+00 5.000000000000000000e+01 0.000000000000000000e+00
1.000000000000000000e+01 5.000000000000000000e+01 0.000000000000000000e+00
2.000000000000000000e+01 5.000000000000000000e+01 0.000000000000000000e+00
3.000000000000000000e+01 5.000000000000000000e+01 0.000000000000000000e+00
3.500000000000000000e+01 5.000000000000000000e+01 0.000000000000000000e+00
4.000000000000000000e+01 5.000000000000000000e+01 0.000000000000000000e+00
4.200000000000000000e+01 2.732064624607534498e+01 8.272969912790534508e+00
4.400000000000000000e+01 1.995942571915930941e+01 4.365860111995119475e+00
4.600000000000000000e+01 1.572692857759104967e+01 2.930345802315401649e+00
4.800000000000000000e+01 1.472750445127539365e+01 2.758278941707223098e+00
5.000000000000000000e+01 1.167542041687421239e+01 1.900885546580972862e+00
5.200000000000000000e+01 1.157145457019226242e+01 2.096550304566576539e+00
5.400000000000000000e+01 1.188920830289356267e+01 2.512051215741196497e+00
5.600000000000000000e+01 1.030341336089342441e+01 2.005241155628805227e+00
5.800000000000000000e+01 9.337818671152930960e+00 1.678499648349634166e+00
6.000000000000000000e+01 1.097363069494642218e+01 2.336203227270938765e+00
6.200000000000000000e+01 9.332944747990554291e+00 1.660011563466362805e+00
6.400000000000000000e+01 8.625177645676744831e+00 1.564515411628578212e+00
6.600000000000000000e+01 8.611560441600479621e+00 1.622713870894897381e+00
6.800000000000000000e+01 8.258955132938837096e+00 1.515207975064863710e+00
7.000000000000000000e+01 7.335598422604474145e+00 1.382902325944022071e+00
7.200000000000000000e+01 7.203847931302767904e+00 1.257098458124644269e+00
7.400000000000000000e+01 7.412481289498617620e+00 1.302470244020214718e+00
7.600000000000000000e+01 7.452697368497003261e+00 1.392021712770654673e+00
7.800000000000000000e+01 6.563920860719353101e+00 1.340508555001634683e+00
8.000000000000000000e+01 8.545961963984044729e+00 1.987631350953060538e+00
8.200000000000000000e+01 8.053090398894545032e+00 1.863822545624351124e+00
8.400000000000000000e+01 6.820820515664068218e+00 1.511912507465439814e+00
8.600000000000000000e+01 6.960289344157295943e+00 1.429756250179126331e+00
8.800000000000000000e+01 7.219707187295188788e+00 1.653832383789736182e+00
9.000000000000000000e+01 6.702377232830208698e+00 1.465466972009490165e+00
9.200000000000000000e+01 7.691268684999307936e+00 1.804174093439621984e+00
9.400000000000000000e+01 5.972517119123047280e+00 1.419622523611522302e+00
9.600000000000000000e+01 6.452575943347406806e+00 1.443206055146281752e+00
9.800000000000000000e+01 6.226977533401131915e+00 1.517549459367851350e+00
1.000000000000000000e+02 5.727264528229357943e+00 1.232455182487407708e+00
1.050000000000000000e+02 6.085496789803674034e+00 1.737153019743530979e+00
1.100000000000000000e+02 5.181584210819439207e+00 1.257519169856363250e+00
1.150000000000000000e+02 6.312759421182656538e+00 1.659162858288849796e+00
1.200000000000000000e+02 5.798530992121899708e+00 1.780415830015435796e+00
1.250000000000000000e+02 5.068394624823647554e+00 1.680739332829092048e+00
1.300000000000000000e+02 5.350927738208808293e+00 1.903479887809767845e+00
1.400000000000000000e+02 5.160896909216578621e+00 1.809394735745645022e+00
1.500000000000000000e+02 4.102583254107272204e+00 1.821206282537531695e+00
1.600000000000000000e+02 3.453040773849863410e+00 1.723919023225514824e+00
1.700000000000000000e+02 4.214517938533407282e+00 1.919616621794162814e+00
1.800000000000000000e+02 5.785685067787576408e+00 3.966647235519610959e+00
1.900000000000000000e+02 3.822532225009313223e+00 3.819719596019362395e+00
2.000000000000000000e+02 3.252593481712612977e+00 4.920267575973152674e+00
2.200000000000000000e+02 2.916356074268408705e+00 5.577019708964564337e+00
2.400000000000000000e+02 2.620195871232201767e+00 4.570913529119172480e+00
2.600000000000000000e+02 3.777274108143196862e+00 4.570913529119172480e+00
