# Temperature (K) 	LMOP (muB)	Uncertainty
1.000000000000000000e+02 4.080918249346512816e+00 2.862406632566174072e-02
1.750000000000000000e+02 3.750181888571655353e+00 2.821193374167935142e-02
2.250000000000000000e+02 3.326016254435140151e+00 2.730286131305958985e-02
2.500000000000000000e+02 3.058737891813251064e+00 2.841972104815021841e-02
2.600000000000000000e+02 2.893967623971338110e+00 2.853251797226801639e-02
2.700000000000000000e+02 2.736107249851760237e+00 2.888922621405371968e-02
2.800000000000000000e+02 2.548551008215856672e+00 3.323492483721430385e-02
2.900000000000000000e+02 2.352802524552661811e+00 3.464802152438146293e-02
2.950000000000000000e+02 2.259232164041639290e+00 3.742611852207159556e-02
3.000000000000000000e+02 2.126577496657522381e+00 4.324805035112559010e-02
3.050000000000000000e+02 2.007366459939539105e+00 4.959774630863734296e-02
3.100000000000000000e+02 1.924656861611823366e+00 7.270403953513579487e-02
3.150000000000000000e+02 1.873770647266562062e+00 8.805434820669273688e-02
3.200000000000000000e+02 1.829852996315607161e+00 9.492129352440049905e-02
3.300000000000000000e+02 1.758303484645800552e+00 1.243898316648241464e-01
3.500000000000000000e+02 1.614987871224585314e+00 1.580572365965094705e-01
3.750000000000000000e+02 1.500543768013077983e+00 1.847627669943035789e-01
4.000000000000000000e+02 1.389701634515932760e+00 2.135982501794226052e-01
4.250000000000000000e+02 1.317037985536971378e+00 2.070490587745295041e-01
4.500000000000000000e+02 1.278799273326010955e+00 2.164815565993936652e-01
4.750000000000000000e+02 1.186757170656761673e+00 2.353410754680243522e-01
5.000000000000000000e+02 1.179684087997552089e+00 2.332034023262832823e-01
