# T 	 corr. length 	 uncertainty
3.100000000000000000e+02 7.615855070000000282e+00 5.424423255684697187e-01
3.150000000000000000e+02 6.174008849999999882e+00 4.650118868128496064e-01
3.200000000000000000e+02 5.317369440000000225e+00 3.949431484193042241e-01
3.300000000000000000e+02 3.729501620000000184e+00 2.898602378509380073e-01
3.500000000000000000e+02 2.607843040000000112e+00 1.909196074583005831e-01
3.750000000000000000e+02 2.039047099999999890e+00 1.316186542366398760e-01
4.000000000000000000e+02 1.935416809999999987e+00 1.358583638636120805e-01
4.250000000000000000e+02 1.820302489999999995e+00 1.221833574117006105e-01
4.500000000000000000e+02 1.729692479999999977e+00 1.192929092702272043e-01
4.750000000000000000e+02 1.679128869999999996e+00 1.368771527766436680e-01
5.000000000000000000e+02 1.615702540000000020e+00 1.158731069692586907e-01
