# T 	 corr. length 	 uncertainty
3.100000000000000000e+02 9.399963570000000601e+00 7.586622516973536845e-01
3.150000000000000000e+02 7.952483530000000300e+00 6.877538236425231322e-01
3.200000000000000000e+02 6.911637409999999981e+00 5.835881043598417639e-01
3.300000000000000000e+02 5.464980040000000372e+00 5.678378382593710638e-01
3.500000000000000000e+02 3.922703719999999894e+00 4.547851909864807363e-01
3.750000000000000000e+02 3.054380420000000207e+00 3.563406664259609613e-01
4.000000000000000000e+02 2.973418099999999953e+00 3.956952249416969547e-01
4.250000000000000000e+02 2.809580579999999994e+00 3.693230084957206949e-01
4.500000000000000000e+02 2.702353889999999925e+00 3.790261199531894665e-01
4.750000000000000000e+02 2.586743610000000082e+00 4.254748517304259292e-01
5.000000000000000000e+02 2.439050910000000183e+00 3.515851493848230480e-01
